407
48
42
46
31
22
36
21
19
53
44
34
35
40
43
43
41
37
21
42
15
41
26
44
43
35
37
45
38
38
38
38
42
36
40
20
20
20
39
43
36
38
32
36
39
36
45
38
39
46
36
37
40
40
41
27
35
39
39
38
34
40
39
39
40
38
38
39
42
39
44
36
38
37
39
36
38
40
39
39
22
20
39
43
39
38
43
38
25
42
49
19
39
38
35
39
39
40
38
36
50
37
40
37
46
38
32
40
38
37
39
39
40
38
36
39
42
39
35
39
40
40
35
42
36
16
40
35
42
20
20
34
44
39
37
35
48
40
39
37
39
44
46
39
45
38
35
47
39
25
26
43
41
45
35
37
48
38
35
44
40
40
39
44
36
40
42
40
35
36
38
36
39
36
38
39
39
30
22
35
37
39
40
43
43
37
40
35
43
36
25
39
40
39
35
39
17
19
39
40
19
39
37
56
37
36
42
49
36
37
35
38
37
24
40
41
37
27
37
22
33
28
37
16
47
23
37
42
40
39
37
37
43
52
26
37
23
20
21
38
43
36
42
25
20
21
37
20
40
39
36
38
44
42
37
22
37
37
40
35
38
37
37
37
17
20
20
35
38
43
36
38
16
37
18
21
19
37
38
36
19
39
38
38
36
19
38
18
39
39
48
38
19
54
38
36
21
47
35
24
18
20
35
42
36
23
37
19
20
22
34
38
39
44
47
36
34
37
43
42
43
37
16
45
21
38
40
44
47
15
47
47
37
15
38
21
21
19
37
38
49
45
37
38
39
38
37
40
44
39
17
37
21
189
36
36
36
36
48
37
37
20
38
38
39
185
40
37
39
18
22
20
38
21
46
47
34
37
19
19
49
23
44
18
19
20
237
44
24
45
36
43
38
38
26
23
34
48
40
38
146
15
142
28
56
40
27
47
46
60
17
22
37
21
20
20
37
18
20
37
168
37
37
34
39
19
21
27
46
38
42
47
37
14
157
22
279
37
38
37
22
21
34
37
18
46
16
20
37
803
19
20
37
19
20
19
37
40
35
37
46
41
37
38
40
44
38
35
25
37
20
157
37
37
36
38
37
37
39
15
37
29
44
157
136
37
47
65
37
38
37
25
22
38
38
16
20
37
21
37
171
37
38
42
37
36
23
38
39
39
37
37
20
19
159
142
20
139
37
26
36
47
42
42
45
38
14
38
21
19
36
37
177
36
38
35
56
31
24
25
47
37
14
40
43
48
37
23
19
175
142
37
37
53
51
37
39
37
20
38
47
43
35
37
40
363
52
37
24
37
35
37
38
23
19
37
19
19
276
48
42
237
145
42
27
41
35
17
20
20
46
46
42
37
168
16
35
37
170
39
37
39
37
38
24
39
16
47
43
37
36
168
37
47
39
37
41
38
39
16
42
19
39
38
167
37
23
20
20
37
24
19
35
18
37
23
37
18
45
39
45
45
37
297
24
32
44
47
42
36
37
18
22
17
37
18
37
37
36
20
163
44
43
55
29
24
36
20
19
20
38
39
36
39
37
54
165
40
21
20
21
37
39
36
357
59
39
22
17
20
39
40
39
37
157
39
28
15
21
19
45
36
195
43
45
40
15
17
20
39
36
168
262
20
19
37
39
37
19
43
38
17
136
142
38
38
41
35
35
163
37
25
38
66
39
174
38
36
26
16
47
29
38
38
159
41
38
54
25
22
169
46
53
46
37
20
20
20
36
16
21
157
36
37
38
22
42
158
37
24
47
22
18
37
43
40
157
273
39
17
37
42
39
156
41
35
37
17
97
38
172
38
38
36
35
159
147
20
150
40
19
19
35
39
39
38
42
47
42
20
19
21
37
17
22
18
37
164
35
37
16
38
22
20
19
36
47
37
36
34
38
38
24
296
22
150
19
39
40
44
37
37
18
21
19
38
16
18
20
37
37
48
28
40
165
38
15
37
19
38
37
36
39
37
21
37
37
38
20
158
39
52
38
37
18
39
36
43
37
18
39
36
159
17
37
20
21
22
37
37
37
34
27
36
35
36
23
37
278
43
37
38
22
39
38
37
37
22
20
37
41
37
17
167
24
40
17
37
40
35
46
37
42
37
37
13
38
44
38
38
15
17
46
19
19
41
37
40
37
37
42
37
24
38
17
20
20
37
56
50
34
37
35
22
36
15
37
38
43
37
37
16
35
19
20
43
35
50
44
39
28
37
23
38
23
24
36
39
45
39
16
37
18
34
42
40
24
36
21
41
40
38
25
20
37
20
38
38
40
36
72
45
43
38
18
43
40
43
36
28
37
22
20
19
34
37
25
38
24
37
38
36
37
14
37
22
20
37
36
43
38
38
42
46
37
39
39
34
37
19
37
14
20
22
37
17
37
40
38
47
37
36
17
38
20
37
37
42
38
44
37
41
35
38
39
44
45
37
23
40
19
37
41
36
38
47
40
38
20
36
37
43
38
38
23
48
18
22
29
16
39
43
16
37
24
19
20
46
40
37
23
20
36
17
35
41
42
39
36
38
42
37
44
44
36
36
17
37
21
37
40
47
22
39
38
38
38
24
36
22
18
38
39
34
47
39
42
35
36
17
47
41
40
47
18
19
20
39
23
36
38
40
37
37
47
35
23
41
17
46
40
44
38
44
40
18
36
29
22
37
41
35
54
15
20
20
35
31
37
47
45
39
37
46
37
38
20
37
39
37
37
45
24
39
22
36
37
38
37
25
46
40
27
38
21
43
67
39
39
16
39
37
36
23
20
36
36
39
21
48
43
50
26
16
37
44
38
15
37
40
36
16
37
18
40
37
36
21
20
19
39
42
39
19
47
44
38
19
54
54
38
14
20
38
44
40
23
38
41
48
38
31
38
38
20
19
38
36
36
536
38
47
48
15
48
40
37
22
19
47
42
38
23
20
22
35
53
45
19
51
16
39
38
19
38
17
35
47
507
18
38
37
38
23
36
35
37
23
19
20
39
43
43
18
37
43
37
16
21
37
19
38
38
16
37
19
39
38
37
21
21
19
